what,kind,bundleId,bundleVersion,description,time
opened,editor,org.eclipse.jdt.ui,3.6.1.r361_v20100825-0800,"org.eclipse.jdt.ui.CompilationUnitEditor",1546531266236
activated,editor,org.eclipse.jdt.ui,3.6.1.r361_v20100825-0800,"org.eclipse.jdt.ui.CompilationUnitEditor",1546531266361
started,bundle,org.eclipse.jdt.junit,3.6.1.r361_v20100825-0800,"org.eclipse.jdt.junit",1546531266486
activated,editor,org.eclipse.jdt.ui,3.6.1.r361_v20100825-0800,"org.eclipse.jdt.ui.CompilationUnitEditor",1546531291237
started,bundle,org.eclipse.pde.launching,3.6.0.v20100601,"org.eclipse.pde.launching",1546531299330
started,bundle,org.eclipse.ui.views.log,1.0.100.v20100423,"org.eclipse.ui.views.log",1546531299346
started,bundle,org.eclipse.pde.ui,3.6.1.v20100810_r361,"org.eclipse.pde.ui",1546531299377
activated,editor,org.eclipse.jdt.ui,3.6.1.r361_v20100825-0800,"org.eclipse.jdt.ui.CompilationUnitEditor",1546531299799
executed,command,,,"AUTOGEN:::org.eclipse.jdt.debug.CompilationUnitEditor.BreakpointRulerActions/org.eclipse.jdt.debug.ui.actions.ManageBreakpointRulerAction",1546531303505
started,bundle,org.eclipse.mylyn.ide.ui,3.4.0.v20100608-0100-e3x,"org.eclipse.mylyn.ide.ui",1546531323859
started,bundle,org.eclipse.mylyn.java.ui,3.4.0.v20100608-0100-e3x,"org.eclipse.mylyn.java.ui",1546531323891
started,bundle,org.eclipse.jst.ws.jaxws.ui,1.0.1.v201008232129,"org.eclipse.jst.ws.jaxws.ui",1546531323984
started,bundle,org.eclipse.pde.api.tools,1.0.202.v20100820_r361,"org.eclipse.pde.api.tools",1546531324094
started,bundle,org.eclipse.pde.api.tools.ui,1.0.201.v20100820_r361,"org.eclipse.pde.api.tools.ui",1546531324109
started,bundle,org.eclipse.mylyn.resources.ui,3.4.1.v20100909-0100-e3x,"org.eclipse.mylyn.resources.ui",1546531324734
started,bundle,org.eclipse.pde.core,3.6.1.v20100902_r361,"org.eclipse.pde.core",1546531350243
executed,command,org.eclipse.ui,3.6.1.M20100826-1330,"org.eclipse.ui.edit.delete",1546531369293
executed,command,org.eclipse.ui,3.6.1.M20100826-1330,"org.eclipse.ui.edit.delete",1546531370468
executed,command,org.eclipse.ui,3.6.1.M20100826-1330,"org.eclipse.ui.file.save",1546531371968
deactivated,workbench,org.eclipse.ui.workbench,3.6.1.M20100826-1330,"",1546531395470
activated,workbench,org.eclipse.ui.workbench,3.6.1.M20100826-1330,"",1546531407211
deactivated,workbench,org.eclipse.ui.workbench,3.6.1.M20100826-1330,"",1546531407258
activated,workbench,org.eclipse.ui.workbench,3.6.1.M20100826-1330,"",1546531411295
activated,view,org.eclipse.wst.server.ui,1.1.205.v20100908,"org.eclipse.wst.server.ui.ServersView",1546531411389
opened,editor,org.eclipse.ui.browser,3.3.0.v20100517,"org.eclipse.ui.browser.editor",1546531416951
activated,editor,org.eclipse.ui.browser,3.3.0.v20100517,"org.eclipse.ui.browser.editor",1546531417045
activated,editor,org.eclipse.jdt.ui,3.6.1.r361_v20100825-0800,"org.eclipse.jdt.ui.CompilationUnitEditor",1546531439830
closed,editor,org.eclipse.ui.browser,3.3.0.v20100517,"org.eclipse.ui.browser.editor",1546531439830
executed,command,org.eclipse.ui,3.6.1.M20100826-1330,"org.eclipse.ui.edit.delete",1546531471907
executed,command,org.eclipse.ui,3.6.1.M20100826-1330,"org.eclipse.ui.edit.delete",1546531475930
executed,command,org.eclipse.ui,3.6.1.M20100826-1330,"org.eclipse.ui.edit.delete",1546531485323
executed,command,org.eclipse.ui,3.6.1.M20100826-1330,"org.eclipse.ui.edit.delete",1546531491087
executed,command,org.eclipse.ui,3.6.1.M20100826-1330,"org.eclipse.ui.edit.delete",1546531500804
executed,command,org.eclipse.ui,3.6.1.M20100826-1330,"org.eclipse.ui.file.save",1546531505399
executed,command,org.eclipse.ui,3.6.1.M20100826-1330,"org.eclipse.ui.edit.cut",1546531512557
executed,command,org.eclipse.ui,3.6.1.M20100826-1330,"org.eclipse.ui.file.save",1546531513650
executed,command,org.eclipse.ui,3.6.1.M20100826-1330,"org.eclipse.ui.edit.undo",1546531520905
executed,command,,,"AUTOGEN:::org.eclipse.jdt.debug.CompilationUnitEditor.BreakpointRulerActions/org.eclipse.jdt.debug.ui.actions.ManageBreakpointRulerAction",1546531536568
executed,command,,,"AUTOGEN:::org.eclipse.jdt.internal.ui.CompilationUnitEditor.ruler.actions/org.eclipse.jdt.internal.ui.javaeditor.JavaSelectRulerAction",1546531537334
executed,command,,,"AUTOGEN:::org.eclipse.jdt.internal.ui.CompilationUnitEditor.ruler.actions/org.eclipse.jdt.internal.ui.javaeditor.JavaSelectRulerAction",1546531537475
executed,command,,,"AUTOGEN:::org.eclipse.jdt.internal.ui.CompilationUnitEditor.ruler.actions/org.eclipse.jdt.internal.ui.javaeditor.JavaSelectRulerAction",1546531538106
deactivated,workbench,org.eclipse.ui.workbench,3.6.1.M20100826-1330,"",1546531539347
activated,workbench,org.eclipse.ui.workbench,3.6.1.M20100826-1330,"",1546531540066
started,bundle,org.eclipse.wst.ws.service.policy.ui,1.0.202.v201004211732,"org.eclipse.wst.ws.service.policy.ui",1546531540160
started,bundle,org.eclipse.wst.ws.service.policy,1.0.203.v201004211732,"org.eclipse.wst.ws.service.policy",1546531540176
started,bundle,org.eclipse.wst.command.env,1.0.409.v201004211805,"org.eclipse.wst.command.env",1546531540222
started,bundle,org.eclipse.wst.ws,1.1.203.v201004211805,"org.eclipse.wst.ws",1546531540222
deactivated,workbench,org.eclipse.ui.workbench,3.6.1.M20100826-1330,"",1546531540648
activated,workbench,org.eclipse.ui.workbench,3.6.1.M20100826-1330,"",1546531547279
executed,command,org.eclipse.ui,3.6.1.M20100826-1330,"org.eclipse.ui.edit.delete",1546531617738
executed,command,org.eclipse.ui,3.6.1.M20100826-1330,"org.eclipse.ui.edit.delete",1546531618882
executed,command,org.eclipse.ui,3.6.1.M20100826-1330,"org.eclipse.ui.file.save",1546531620804
executed,command,org.eclipse.ui,3.6.1.M20100826-1330,"org.eclipse.ui.edit.delete",1546531629905
executed,command,org.eclipse.ui,3.6.1.M20100826-1330,"org.eclipse.ui.edit.delete",1546531630283
executed,command,org.eclipse.ui,3.6.1.M20100826-1330,"org.eclipse.ui.edit.delete",1546531630674
executed,command,org.eclipse.ui,3.6.1.M20100826-1330,"org.eclipse.ui.edit.delete",1546531630846
executed,command,org.eclipse.ui,3.6.1.M20100826-1330,"org.eclipse.ui.edit.delete",1546531631065
executed,command,org.eclipse.ui,3.6.1.M20100826-1330,"org.eclipse.ui.edit.delete",1546531631252
executed,command,org.eclipse.ui,3.6.1.M20100826-1330,"org.eclipse.ui.edit.delete",1546531631440
executed,command,org.eclipse.ui,3.6.1.M20100826-1330,"org.eclipse.ui.edit.delete",1546531631611
executed,command,org.eclipse.ui,3.6.1.M20100826-1330,"org.eclipse.ui.edit.delete",1546531631830
executed,command,org.eclipse.ui,3.6.1.M20100826-1330,"org.eclipse.ui.edit.delete",1546531632018
executed,command,org.eclipse.ui,3.6.1.M20100826-1330,"org.eclipse.ui.edit.delete",1546531632205
executed,command,org.eclipse.ui,3.6.1.M20100826-1330,"org.eclipse.ui.edit.delete",1546531632393
executed,command,org.eclipse.ui,3.6.1.M20100826-1330,"org.eclipse.ui.edit.delete",1546531632721
executed,command,org.eclipse.ui,3.6.1.M20100826-1330,"org.eclipse.ui.file.save",1546531634552
executed,command,org.eclipse.ui,3.6.1.M20100826-1330,"org.eclipse.ui.edit.copy",1546531652825
executed,command,org.eclipse.ui,3.6.1.M20100826-1330,"org.eclipse.ui.edit.delete",1546531659497
executed,command,org.eclipse.ui,3.6.1.M20100826-1330,"org.eclipse.ui.file.save",1546531661613
executed,command,org.eclipse.ui,3.6.1.M20100826-1330,"org.eclipse.ui.edit.paste",1546531666963
executed,command,org.eclipse.ui,3.6.1.M20100826-1330,"org.eclipse.ui.file.save",1546531675307
deactivated,workbench,org.eclipse.ui.workbench,3.6.1.M20100826-1330,"",1546531679276
activated,workbench,org.eclipse.ui.workbench,3.6.1.M20100826-1330,"",1546531681067
executed,command,,,"AUTOGEN:::org.eclipse.jdt.internal.ui.CompilationUnitEditor.ruler.actions/org.eclipse.jdt.internal.ui.javaeditor.JavaSelectRulerAction",1546531682180
executed,command,,,"AUTOGEN:::org.eclipse.jdt.internal.ui.CompilationUnitEditor.ruler.actions/org.eclipse.jdt.internal.ui.javaeditor.JavaSelectRulerAction",1546531683523
deactivated,workbench,org.eclipse.ui.workbench,3.6.1.M20100826-1330,"",1546531685327
activated,workbench,org.eclipse.ui.workbench,3.6.1.M20100826-1330,"",1546531691749
executed,command,org.eclipse.ui,3.6.1.M20100826-1330,"org.eclipse.ui.file.save",1546531701898
executed,command,,,"AUTOGEN:::org.eclipse.jdt.debug.CompilationUnitEditor.BreakpointRulerActions/org.eclipse.jdt.debug.ui.actions.ManageBreakpointRulerAction",1546531712577
executed,command,,,"AUTOGEN:::org.eclipse.jdt.debug.CompilationUnitEditor.BreakpointRulerActions/org.eclipse.jdt.debug.ui.actions.ManageBreakpointRulerAction",1546531713764
executed,command,,,"AUTOGEN:::org.eclipse.jdt.debug.CompilationUnitEditor.BreakpointRulerActions/org.eclipse.jdt.debug.ui.actions.ManageBreakpointRulerAction",1546531715639
executed,command,,,"AUTOGEN:::org.eclipse.jdt.internal.ui.CompilationUnitEditor.ruler.actions/org.eclipse.jdt.internal.ui.javaeditor.JavaSelectRulerAction",1546531716702
executed,command,,,"AUTOGEN:::org.eclipse.jdt.internal.ui.CompilationUnitEditor.ruler.actions/org.eclipse.jdt.internal.ui.javaeditor.JavaSelectRulerAction",1546531716733
executed,command,,,"AUTOGEN:::org.eclipse.jdt.internal.ui.CompilationUnitEditor.ruler.actions/org.eclipse.jdt.internal.ui.javaeditor.JavaSelectRulerAction",1546531717717
deactivated,workbench,org.eclipse.ui.workbench,3.6.1.M20100826-1330,"",1546531720642
activated,workbench,org.eclipse.ui.workbench,3.6.1.M20100826-1330,"",1546531720861
executed,command,,,"AUTOGEN:::org.eclipse.jdt.debug.CompilationUnitEditor.BreakpointRulerActions/org.eclipse.jdt.debug.ui.actions.ManageBreakpointRulerAction",1546531726240
executed,command,,,"AUTOGEN:::org.eclipse.jdt.debug.CompilationUnitEditor.BreakpointRulerActions/org.eclipse.jdt.debug.ui.actions.ManageBreakpointRulerAction",1546531728384
executed,command,,,"AUTOGEN:::org.eclipse.jdt.debug.CompilationUnitEditor.BreakpointRulerActions/org.eclipse.jdt.debug.ui.actions.ManageBreakpointRulerAction",1546531731096
executed,command,,,"AUTOGEN:::org.eclipse.jdt.debug.CompilationUnitEditor.BreakpointRulerActions/org.eclipse.jdt.debug.ui.actions.ManageBreakpointRulerAction",1546531731739
executed,command,,,"AUTOGEN:::org.eclipse.jdt.debug.CompilationUnitEditor.BreakpointRulerActions/org.eclipse.jdt.debug.ui.actions.ManageBreakpointRulerAction",1546531735643
executed,command,org.eclipse.ui,3.6.1.M20100826-1330,"org.eclipse.ui.file.save",1546531783149
executed,command,org.eclipse.ui,3.6.1.M20100826-1330,"org.eclipse.ui.file.save",1546531799502
executed,command,,,"AUTOGEN:::org.eclipse.jdt.debug.CompilationUnitEditor.BreakpointRulerActions/org.eclipse.jdt.debug.ui.actions.ManageBreakpointRulerAction",1546531802943
executed,command,,,"AUTOGEN:::org.eclipse.jdt.debug.CompilationUnitEditor.BreakpointRulerActions/org.eclipse.jdt.debug.ui.actions.ManageBreakpointRulerAction",1546531804169
executed,command,,,"AUTOGEN:::org.eclipse.jdt.debug.CompilationUnitEditor.BreakpointRulerActions/org.eclipse.jdt.debug.ui.actions.ManageBreakpointRulerAction",1546531805211
deactivated,workbench,org.eclipse.ui.workbench,3.6.1.M20100826-1330,"",1546531822423
executed,command,org.eclipse.ui,3.6.1.M20100826-1330,"org.eclipse.ui.edit.copy",1546531833319
activated,workbench,org.eclipse.ui.workbench,3.6.1.M20100826-1330,"",1546531834573
executed,command,org.eclipse.ui,3.6.1.M20100826-1330,"org.eclipse.ui.file.save",1546531842530
executed,command,org.eclipse.ui,3.6.1.M20100826-1330,"org.eclipse.ui.edit.paste",1546531850993
executed,command,org.eclipse.ui,3.6.1.M20100826-1330,"org.eclipse.ui.file.save",1546531872673
executed,command,org.eclipse.ui,3.6.1.M20100826-1330,"org.eclipse.ui.file.save",1546531881958
deactivated,workbench,org.eclipse.ui.workbench,3.6.1.M20100826-1330,"",1546531889716
activated,workbench,org.eclipse.ui.workbench,3.6.1.M20100826-1330,"",1546531889872
deactivated,workbench,org.eclipse.ui.workbench,3.6.1.M20100826-1330,"",1546531890122
activated,workbench,org.eclipse.ui.workbench,3.6.1.M20100826-1330,"",1546531892513
executed,command,org.eclipse.ui,3.6.1.M20100826-1330,"org.eclipse.ui.edit.undo",1546531894107
executed,command,org.eclipse.ui,3.6.1.M20100826-1330,"org.eclipse.ui.edit.undo",1546531894515
executed,command,org.eclipse.ui,3.6.1.M20100826-1330,"org.eclipse.ui.edit.undo",1546531895081
executed,command,org.eclipse.ui,3.6.1.M20100826-1330,"org.eclipse.ui.edit.undo",1546531895128
executed,command,org.eclipse.ui,3.6.1.M20100826-1330,"org.eclipse.ui.edit.undo",1546531895159
executed,command,org.eclipse.ui,3.6.1.M20100826-1330,"org.eclipse.ui.edit.undo",1546531895190
executed,command,org.eclipse.ui,3.6.1.M20100826-1330,"org.eclipse.ui.edit.undo",1546531895222
executed,command,org.eclipse.ui,3.6.1.M20100826-1330,"org.eclipse.ui.edit.undo",1546531895268
executed,command,org.eclipse.ui,3.6.1.M20100826-1330,"org.eclipse.ui.edit.undo",1546531895300
executed,command,org.eclipse.ui,3.6.1.M20100826-1330,"org.eclipse.ui.edit.undo",1546531895347
executed,command,org.eclipse.ui,3.6.1.M20100826-1330,"org.eclipse.ui.edit.undo",1546531895380
executed,command,org.eclipse.ui,3.6.1.M20100826-1330,"org.eclipse.ui.edit.undo",1546531895411
executed,command,org.eclipse.ui,3.6.1.M20100826-1330,"org.eclipse.ui.edit.undo",1546531895443
executed,command,org.eclipse.ui,3.6.1.M20100826-1330,"org.eclipse.ui.edit.undo",1546531895490
executed,command,org.eclipse.ui,3.6.1.M20100826-1330,"org.eclipse.ui.edit.undo",1546531895536
executed,command,org.eclipse.ui,3.6.1.M20100826-1330,"org.eclipse.ui.edit.undo",1546531895552
executed,command,org.eclipse.ui,3.6.1.M20100826-1330,"org.eclipse.ui.edit.undo",1546531895583
executed,command,org.eclipse.ui,3.6.1.M20100826-1330,"org.eclipse.ui.edit.undo",1546531895615
executed,command,org.eclipse.ui,3.6.1.M20100826-1330,"org.eclipse.ui.edit.undo",1546531895661
executed,command,org.eclipse.ui,3.6.1.M20100826-1330,"org.eclipse.ui.edit.undo",1546531895693
executed,command,org.eclipse.ui,3.6.1.M20100826-1330,"org.eclipse.ui.edit.undo",1546531895724
executed,command,org.eclipse.ui,3.6.1.M20100826-1330,"org.eclipse.ui.edit.undo",1546531895755
executed,command,org.eclipse.ui,3.6.1.M20100826-1330,"org.eclipse.ui.edit.undo",1546531895802
executed,command,org.eclipse.ui,3.6.1.M20100826-1330,"org.eclipse.ui.edit.undo",1546531895833
executed,command,org.eclipse.ui,3.6.1.M20100826-1330,"org.eclipse.ui.edit.undo",1546531895865
executed,command,org.eclipse.ui,3.6.1.M20100826-1330,"org.eclipse.ui.edit.undo",1546531895911
executed,command,org.eclipse.ui,3.6.1.M20100826-1330,"org.eclipse.ui.edit.undo",1546531895943
executed,command,org.eclipse.ui,3.6.1.M20100826-1330,"org.eclipse.ui.edit.undo",1546531895974
executed,command,org.eclipse.ui,3.6.1.M20100826-1330,"org.eclipse.ui.edit.undo",1546531896005
executed,command,org.eclipse.ui,3.6.1.M20100826-1330,"org.eclipse.ui.edit.delete",1546531904578
executed,command,org.eclipse.ui,3.6.1.M20100826-1330,"org.eclipse.ui.file.save",1546531910085
executed,command,org.eclipse.ui,3.6.1.M20100826-1330,"org.eclipse.ui.edit.delete",1546531923051
executed,command,org.eclipse.ui,3.6.1.M20100826-1330,"org.eclipse.ui.file.save",1546532007641
executed,command,,,"AUTOGEN:::org.eclipse.jdt.debug.CompilationUnitEditor.BreakpointRulerActions/org.eclipse.jdt.debug.ui.actions.ManageBreakpointRulerAction",1546532013250
opened,editor,org.eclipse.jdt.ui,3.6.1.r361_v20100825-0800,"org.eclipse.jdt.ui.ClassFileEditor",1546532014438
activated,editor,org.eclipse.jdt.ui,3.6.1.r361_v20100825-0800,"org.eclipse.jdt.ui.ClassFileEditor",1546532014563
executed,command,,,"AUTOGEN:::org.eclipse.jdt.internal.ui.CompilationUnitEditor.ruler.actions/org.eclipse.jdt.internal.ui.javaeditor.JavaSelectRulerAction",1546532014578
deactivated,workbench,org.eclipse.ui.workbench,3.6.1.M20100826-1330,"",1546532014815
activated,workbench,org.eclipse.ui.workbench,3.6.1.M20100826-1330,"",1546532017130
executed,command,,,"AUTOGEN:::org.eclipse.jdt.internal.ui.CompilationUnitEditor.ruler.actions/org.eclipse.jdt.internal.ui.javaeditor.JavaSelectRulerAction",1546532017145
activated,editor,org.eclipse.jdt.ui,3.6.1.r361_v20100825-0800,"org.eclipse.jdt.ui.CompilationUnitEditor",1546532023453
executed,command,org.eclipse.ui,3.6.1.M20100826-1330,"org.eclipse.ui.file.save",1546532034973
deactivated,workbench,org.eclipse.ui.workbench,3.6.1.M20100826-1330,"",1546532043314
activated,workbench,org.eclipse.ui.workbench,3.6.1.M20100826-1330,"",1546532043486
executed,command,org.eclipse.ui,3.6.1.M20100826-1330,"org.eclipse.ui.file.save",1546532046814
executed,command,org.eclipse.ui,3.6.1.M20100826-1330,"org.eclipse.ui.file.save",1546532080158
deactivated,workbench,org.eclipse.ui.workbench,3.6.1.M20100826-1330,"",1546532097184
activated,workbench,org.eclipse.ui.workbench,3.6.1.M20100826-1330,"",1546532104884
activated,editor,org.eclipse.jdt.ui,3.6.1.r361_v20100825-0800,"org.eclipse.jdt.ui.CompilationUnitEditor",1546532105093
activated,editor,org.eclipse.jdt.ui,3.6.1.r361_v20100825-0800,"org.eclipse.jdt.ui.CompilationUnitEditor",1546532117825
executed,command,org.eclipse.ui,3.6.1.M20100826-1330,"org.eclipse.ui.file.save",1546532132892
activated,editor,org.eclipse.jdt.ui,3.6.1.r361_v20100825-0800,"org.eclipse.jdt.ui.CompilationUnitEditor",1546532134486
executed,command,org.eclipse.ui,3.6.1.M20100826-1330,"org.eclipse.ui.edit.copy",1546532139247
activated,editor,org.eclipse.jdt.ui,3.6.1.r361_v20100825-0800,"org.eclipse.jdt.ui.CompilationUnitEditor",1546532140856
executed,command,org.eclipse.ui,3.6.1.M20100826-1330,"org.eclipse.ui.edit.paste",1546532146686
executed,command,org.eclipse.ui,3.6.1.M20100826-1330,"org.eclipse.ui.file.save",1546532148686
executed,command,org.eclipse.ui,3.6.1.M20100826-1330,"org.eclipse.ui.edit.delete",1546532186099
executed,command,org.eclipse.ui,3.6.1.M20100826-1330,"org.eclipse.ui.file.save",1546532188333
executed,command,org.eclipse.ui,3.6.1.M20100826-1330,"org.eclipse.ui.edit.undo",1546532197940
executed,command,org.eclipse.ui,3.6.1.M20100826-1330,"org.eclipse.ui.edit.undo",1546532198274
executed,command,org.eclipse.ui,3.6.1.M20100826-1330,"org.eclipse.ui.file.save",1546532203086
activated,editor,org.eclipse.jdt.ui,3.6.1.r361_v20100825-0800,"org.eclipse.jdt.ui.CompilationUnitEditor",1546532206860
activated,editor,org.eclipse.jdt.ui,3.6.1.r361_v20100825-0800,"org.eclipse.jdt.ui.CompilationUnitEditor",1546532222135
executed,command,org.eclipse.ui,3.6.1.M20100826-1330,"org.eclipse.ui.file.save",1546532231302
executed,command,org.eclipse.ui,3.6.1.M20100826-1330,"org.eclipse.ui.edit.undo",1546532235574
executed,command,org.eclipse.ui,3.6.1.M20100826-1330,"org.eclipse.ui.edit.undo",1546532237528
executed,command,org.eclipse.ui,3.6.1.M20100826-1330,"org.eclipse.ui.edit.undo",1546532237937
executed,command,org.eclipse.ui,3.6.1.M20100826-1330,"org.eclipse.ui.edit.undo",1546532238515
executed,command,org.eclipse.ui,3.6.1.M20100826-1330,"org.eclipse.ui.edit.undo",1546532239093
executed,command,org.eclipse.ui,3.6.1.M20100826-1330,"org.eclipse.ui.edit.undo",1546532240179
executed,command,org.eclipse.ui,3.6.1.M20100826-1330,"org.eclipse.ui.edit.undo",1546532240776
executed,command,org.eclipse.ui,3.6.1.M20100826-1330,"org.eclipse.ui.file.save",1546532242670
executed,command,org.eclipse.ui,3.6.1.M20100826-1330,"org.eclipse.ui.file.save",1546532254974
executed,command,org.eclipse.ui,3.6.1.M20100826-1330,"org.eclipse.ui.edit.delete",1546532269001
executed,command,org.eclipse.ui,3.6.1.M20100826-1330,"org.eclipse.ui.edit.delete",1546532269204
executed,command,org.eclipse.ui,3.6.1.M20100826-1330,"org.eclipse.ui.edit.delete",1546532269423
executed,command,org.eclipse.ui,3.6.1.M20100826-1330,"org.eclipse.ui.file.save",1546532271438
executed,command,org.eclipse.ui,3.6.1.M20100826-1330,"org.eclipse.ui.file.save",1546532358989
executed,command,org.eclipse.ui,3.6.1.M20100826-1330,"org.eclipse.ui.file.save",1546532415333
started,bundle,org.eclipse.mylyn.java.tasks,3.4.0.v20100608-0100-e3x,"org.eclipse.mylyn.java.tasks",1546532419725
deactivated,workbench,org.eclipse.ui.workbench,3.6.1.M20100826-1330,"",1546532426044
activated,workbench,org.eclipse.ui.workbench,3.6.1.M20100826-1330,"",1546532428029
deactivated,workbench,org.eclipse.ui.workbench,3.6.1.M20100826-1330,"",1546532428279
activated,workbench,org.eclipse.ui.workbench,3.6.1.M20100826-1330,"",1546532438867
deactivated,workbench,org.eclipse.ui.workbench,3.6.1.M20100826-1330,"",1546532438914
activated,workbench,org.eclipse.ui.workbench,3.6.1.M20100826-1330,"",1546532440930
activated,view,org.eclipse.wst.server.ui,1.1.205.v20100908,"org.eclipse.wst.server.ui.ServersView",1546532441008
activated,editor,org.eclipse.jdt.ui,3.6.1.r361_v20100825-0800,"org.eclipse.jdt.ui.CompilationUnitEditor",1546532446261
activated,editor,org.eclipse.jdt.ui,3.6.1.r361_v20100825-0800,"org.eclipse.jdt.ui.ClassFileEditor",1546532446308
activated,view,org.eclipse.wst.server.ui,1.1.205.v20100908,"org.eclipse.wst.server.ui.ServersView",1546532446370
opened,editor,org.eclipse.ui.browser,3.3.0.v20100517,"org.eclipse.ui.browser.editor",1546532446574
activated,editor,org.eclipse.ui.browser,3.3.0.v20100517,"org.eclipse.ui.browser.editor",1546532446652
closed,editor,org.eclipse.jdt.ui,3.6.1.r361_v20100825-0800,"org.eclipse.jdt.ui.ClassFileEditor",1546532449421
activated,editor,org.eclipse.jdt.ui,3.6.1.r361_v20100825-0800,"org.eclipse.jdt.ui.CompilationUnitEditor",1546532454900
deactivated,workbench,org.eclipse.ui.workbench,3.6.1.M20100826-1330,"",1546532458075
activated,workbench,org.eclipse.ui.workbench,3.6.1.M20100826-1330,"",1546532471672
opened,editor,org.eclipse.ui.browser,3.3.0.v20100517,"org.eclipse.ui.browser.editor",1546532471797
activated,editor,org.eclipse.ui.browser,3.3.0.v20100517,"org.eclipse.ui.browser.editor",1546532471875
closed,editor,org.eclipse.ui.browser,3.3.0.v20100517,"org.eclipse.ui.browser.editor",1546532476528
activated,editor,org.eclipse.jdt.ui,3.6.1.r361_v20100825-0800,"org.eclipse.jdt.ui.CompilationUnitEditor",1546532493658
opened,editor,org.eclipse.ui.browser,3.3.0.v20100517,"org.eclipse.ui.browser.editor",1546532495878
activated,editor,org.eclipse.ui.browser,3.3.0.v20100517,"org.eclipse.ui.browser.editor",1546532495956
opened,editor,org.eclipse.ui.browser,3.3.0.v20100517,"org.eclipse.ui.browser.editor",1546532498136
activated,editor,org.eclipse.ui.browser,3.3.0.v20100517,"org.eclipse.ui.browser.editor",1546532498167
opened,editor,org.eclipse.ui.browser,3.3.0.v20100517,"org.eclipse.ui.browser.editor",1546532498307
activated,editor,org.eclipse.ui.browser,3.3.0.v20100517,"org.eclipse.ui.browser.editor",1546532498343
activated,view,org.eclipse.wst.server.ui,1.1.205.v20100908,"org.eclipse.wst.server.ui.ServersView",1546532507594
executed,command,org.eclipse.wst.server.ui,1.1.205.v20100908,"org.eclipse.wst.server.run",1546532512282
error,log,,,"Several ports (8004, 8081, 8008) required by Tomcat v7.0 Server at localhost are already in use. The server may already be running in another process, or a system process may be using the port. To start this server you will need to stop the other process or change the port number(s).",1546532533128
deactivated,workbench,org.eclipse.ui.workbench,3.6.1.M20100826-1330,"",1546532533143
activated,workbench,org.eclipse.ui.workbench,3.6.1.M20100826-1330,"",1546532535731
error,log,,,"Several ports (8004, 8081, 8008) required by Tomcat v7.0 Server at localhost are already in use. The server may already be running in another process, or a system process may be using the port. To start this server you will need to stop the other process or change the port number(s).",1546532555326
deactivated,workbench,org.eclipse.ui.workbench,3.6.1.M20100826-1330,"",1546532555342
activated,workbench,org.eclipse.ui.workbench,3.6.1.M20100826-1330,"",1546532558095
opened,editor,org.eclipse.wst.server.ui,1.1.205.v20100908,"org.eclipse.wst.server.ui.editor",1546532560768
activated,editor,org.eclipse.wst.server.ui,1.1.205.v20100908,"org.eclipse.wst.server.ui.editor",1546532560846
deactivated,workbench,org.eclipse.ui.workbench,3.6.1.M20100826-1330,"",1546532565050
activated,workbench,org.eclipse.ui.workbench,3.6.1.M20100826-1330,"",1546532576916
executed,command,org.eclipse.ui,3.6.1.M20100826-1330,"org.eclipse.ui.file.save",1546532599447
activated,editor,org.eclipse.ui.browser,3.3.0.v20100517,"org.eclipse.ui.browser.editor",1546532601997
closed,editor,org.eclipse.wst.server.ui,1.1.205.v20100908,"org.eclipse.wst.server.ui.editor",1546532601997
activated,view,org.eclipse.wst.server.ui,1.1.205.v20100908,"org.eclipse.wst.server.ui.ServersView",1546532603513
executed,command,org.eclipse.wst.server.ui,1.1.205.v20100908,"org.eclipse.wst.server.run",1546532603638
activated,editor,org.eclipse.ui.browser,3.3.0.v20100517,"org.eclipse.ui.browser.editor",1546532614870
closed,editor,org.eclipse.ui.browser,3.3.0.v20100517,"org.eclipse.ui.browser.editor",1546532614870
closed,editor,org.eclipse.ui.browser,3.3.0.v20100517,"org.eclipse.ui.browser.editor",1546532616329
deactivated,workbench,org.eclipse.ui.workbench,3.6.1.M20100826-1330,"",1546532620664
error,log,,,"Port 8085 required by Tomcat v7.0 Server at localhost is already in use. The server may already be running in another process, or a system process may be using the port. To start this server you will need to stop the other process or change the port number(s).",1546532621189
activated,workbench,org.eclipse.ui.workbench,3.6.1.M20100826-1330,"",1546532623808
deactivated,workbench,org.eclipse.ui.workbench,3.6.1.M20100826-1330,"",1546532626692
activated,workbench,org.eclipse.ui.workbench,3.6.1.M20100826-1330,"",1546532626864
activated,view,org.eclipse.wst.server.ui,1.1.205.v20100908,"org.eclipse.wst.server.ui.ServersView",1546532629530
activated,editor,org.eclipse.ui.browser,3.3.0.v20100517,"org.eclipse.ui.browser.editor",1546532636433
activated,editor,org.eclipse.jdt.ui,3.6.1.r361_v20100825-0800,"org.eclipse.jdt.ui.CompilationUnitEditor",1546532636527
closed,editor,org.eclipse.ui.browser,3.3.0.v20100517,"org.eclipse.ui.browser.editor",1546532636527
activated,view,org.eclipse.wst.server.ui,1.1.205.v20100908,"org.eclipse.wst.server.ui.ServersView",1546532638824
opened,editor,org.eclipse.wst.server.ui,1.1.205.v20100908,"org.eclipse.wst.server.ui.editor",1546532639652
activated,editor,org.eclipse.wst.server.ui,1.1.205.v20100908,"org.eclipse.wst.server.ui.editor",1546532639746
executed,command,org.eclipse.ui,3.6.1.M20100826-1330,"org.eclipse.ui.file.save",1546532658292
executed,command,org.eclipse.ui,3.6.1.M20100826-1330,"org.eclipse.ui.file.save",1546532665330
activated,editor,org.eclipse.ui.browser,3.3.0.v20100517,"org.eclipse.ui.browser.editor",1546532669099
activated,editor,org.eclipse.wst.server.ui,1.1.205.v20100908,"org.eclipse.wst.server.ui.editor",1546532671931
activated,view,org.eclipse.wst.server.ui,1.1.205.v20100908,"org.eclipse.wst.server.ui.ServersView",1546532673337
